9.680527588318357246e-01
9.046450035186792693e-01
9.608817659472681516e-01
9.734412047978201477e-01
9.774394825167849188e-01
9.708046384842308196e-01
9.759266795990821919e-01
9.628796577623175423e-01
9.293698772715952572e-01
9.443752895340105091e-01
9.243007554617284072e-01
9.452677654587533507e-01
9.320263275819600235e-01
9.290324389579636133e-01
9.704615740582260841e-01
9.613353602700585032e-01
9.717764672562845263e-01
9.721398848929253544e-01
9.560136414670151739e-01
9.162584296818974128e-01
9.612130527916551426e-01
9.404496342140249432e-01
9.432923381269231466e-01
9.418753968140716193e-01
9.787844614763496764e-01
9.317620452575279266e-01
9.761280022693564762e-01
9.714285765772261438e-01
9.778897224222780071e-01
9.596856683959246181e-01
9.765343659190721670e-01
9.563477672369863347e-01
9.742697032654512590e-01
9.437624402874609242e-01
9.571592482265182111e-01
9.436961992293686485e-01
9.706774033628461362e-01
9.855159681695311313e-01
9.782066023077800043e-01
9.664250804389602489e-01
9.749896237115335262e-01
9.726482482256201267e-01
9.119070786019780606e-01
9.761600353274726416e-01
9.404794926254027576e-01
9.775011557322121902e-01
9.379195906405264349e-01
9.645103379316410930e-01
9.657536843048784014e-01
9.827853469278556853e-01
9.647591884542705554e-01
9.813968467385660865e-01
9.680279734999468477e-01
9.459368051578569414e-01
9.839100246675358541e-01
9.340889160649226142e-01
9.761248835621942899e-01
9.587497530117915501e-01
9.428636863613402141e-01
9.850367859200201970e-01
9.289078270588594366e-01
9.668693256107947498e-01
9.803261114940657883e-01
9.707854188334223977e-01
9.239609569069519024e-01
9.710784772306808588e-01
9.619642691203897922e-01
9.574670753320551064e-01
9.219946412947352954e-01
9.764163172064131979e-01
9.229961066786966928e-01
9.731925337848497115e-01
9.824146848843426927e-01
9.813602037782969134e-01
9.687570802330910391e-01
9.842750061933143169e-01
9.716923909925452296e-01
9.746122532604460931e-01
9.416944314788097126e-01
9.202321467759700946e-01
9.150566459411100251e-01
9.603359582563548713e-01
9.667215741137575868e-01
9.791127951276799024e-01
9.719927822834938391e-01
9.901836207089396158e-01
9.788243961963796202e-01
9.320480353038197441e-01
9.762772132080150822e-01
9.534064546252467576e-01
9.705490675882215701e-01
9.365247084777815756e-01
9.504715245392431067e-01
9.789946547231873630e-01
9.807835900600461176e-01
9.760162949619162198e-01
9.849753259156746044e-01
9.687644523166047961e-01
9.686052947167944627e-01
9.627754985230805307e-01
9.727599323834619227e-01
9.474506112383345169e-01
9.519485739848572159e-01
9.461589509387495767e-01
9.873420577215108462e-01
9.379719786088981381e-01
9.843579680510794461e-01
9.716578226180551114e-01
9.627617154420681223e-01
9.574743959656623060e-01
9.733964781818612577e-01
9.708745093032480344e-01
9.747379531907351957e-01
9.323637503578012797e-01
9.575851542807958250e-01
9.282805967104327260e-01
9.663124916140748422e-01
9.821888733234435120e-01
9.832529476524807244e-01
9.855208056292228402e-01
9.806530419022067013e-01
9.767166543745446905e-01
9.723184194390805946e-01
9.374325253328921193e-01
9.449695547095415815e-01
9.538776669851947165e-01
9.359474399084305452e-01
9.717887715067971000e-01
9.836323650519619433e-01
9.768188024200175068e-01
9.784341553291118210e-01
9.834962830092048858e-01
9.631924927585190366e-01
9.650529838332544408e-01
9.633137378701569498e-01
9.426325145534151240e-01
9.660231749661729594e-01
9.658709252143948820e-01
9.642020620412110610e-01
9.780611254213595895e-01
9.550379442709402422e-01
9.765750068549454710e-01
9.626494644103598120e-01
9.717977316581709601e-01
9.618902356756322547e-01
9.744420986422182018e-01
9.528617358610741439e-01
9.512298140249128009e-01
9.519951250775515739e-01
9.532879510305254378e-01
9.544307356741108528e-01
9.738753379592184345e-01
9.580574163212447480e-01
9.708108420226320145e-01
9.794944480582542523e-01
9.711029048302561861e-01
9.616643921061884814e-01
9.516659464423067316e-01
9.400662741208314355e-01
9.540564649790863605e-01
9.407005816603121184e-01
9.671291538255479825e-01
9.806018436187784459e-01
9.764962785183376459e-01
9.781922605875497112e-01
9.770959652416206787e-01
9.733735196929764744e-01
9.629279909285091144e-01
9.787244853428647140e-01
9.596665290966726047e-01
9.726161631449599110e-01
9.592239593623166360e-01
9.577965755243336154e-01
9.750726131565913279e-01
9.798697851814306414e-01
9.725247713688892626e-01
9.736396336079562452e-01
9.743604596478319113e-01
9.719563503726676990e-01
9.748863784498145169e-01
9.484142250377113337e-01
9.704897641768250871e-01
9.592160184703899528e-01
9.535526596052955606e-01
9.684176614199461186e-01
9.621172638211057393e-01
9.768696467759572233e-01
9.770830664381028319e-01
9.749772182696044842e-01
9.656993456039414392e-01
9.741724102438660271e-01
9.661910370974742257e-01
9.628252318144217003e-01
9.742127022212325738e-01
9.450813267433010312e-01
9.599907511812428851e-01
9.486899421438986790e-01
9.714385104448293173e-01
9.711589107663767262e-01
9.761961412463888710e-01
9.637592387855745679e-01
9.578113288568181893e-01
9.323892091756262879e-01
9.535184712047346522e-01
9.439994085441828497e-01
9.459393599002376973e-01
9.679803288641581904e-01
9.656098536169057667e-01
9.751425369935118326e-01
9.772227723204318650e-01
9.658455318533631928e-01
9.713496118113642552e-01
9.485418906953664298e-01
9.835429925793637285e-01
9.638630674682657773e-01
9.770615672027955778e-01
9.567413825602690824e-01
9.556652475967697402e-01
9.716952071225626320e-01
9.798919630191462726e-01
9.617187774052273763e-01
9.809758016806056080e-01
9.706760466797843545e-01
9.446158959473485162e-01
9.536425873314064994e-01
9.403174331178325573e-01
9.549826939168235551e-01
9.582252883430242285e-01
9.266845243604182603e-01
9.662464917153319455e-01
9.493423593888137280e-01
9.579407437662332825e-01
9.756255382582550428e-01
9.605786717062694269e-01
9.648722352952583403e-01
9.777720236856757285e-01
9.728021451812381981e-01
9.637003721601301587e-01
9.426474861290188301e-01
9.688243993212504179e-01
9.459452278355582333e-01
9.741780866043387999e-01
9.583702670269877988e-01
9.549354806397425399e-01
9.704082123539260474e-01
9.581762794273089856e-01
9.637576805776819633e-01
9.375110976740603785e-01
9.594528852245831629e-01
9.518298572653002276e-01
9.493393017359448294e-01
9.571098401862297989e-01
9.643744867080270566e-01
9.655866945641300436e-01
9.727555144540276366e-01
9.682073162344406736e-01
9.798317832949402506e-01
9.489548993938003996e-01
9.720471951674807265e-01
9.511185118682830009e-01
9.653059303676849723e-01
9.527548979192761447e-01
9.603143189046994266e-01
9.712035056499215280e-01
9.837944128322806403e-01
9.689623557866386960e-01
9.757046309818221408e-01
9.579018941713035584e-01
9.295736998743420187e-01
9.725838165216715847e-01
9.252519803229475315e-01
9.813881936902146830e-01
9.517524005555327848e-01
9.627588586201788479e-01
9.666787562448074800e-01
9.557979965941005851e-01
9.666102045179180147e-01
9.740826590984026367e-01
9.517997746319499797e-01
9.426512542892342417e-01
9.521493185757190503e-01
9.558538575998398734e-01
9.688898367171633330e-01
9.451115418913890176e-01
9.518158757254462365e-01
9.406817764802508641e-01
9.567685486424899466e-01
9.701528896879567654e-01
9.660926892276668898e-01
9.626073941875680218e-01
9.858116773276730527e-01
9.733375054556459016e-01
9.656731480961839864e-01
9.394398333701667880e-01
9.490056517080968090e-01
9.717836199998655111e-01
9.506608198533652576e-01
9.694311266499745505e-01
9.692876425904195514e-01
9.811523511409155907e-01
9.787511138715485615e-01
9.691861483488628526e-01
9.762743680481900110e-01
9.582902523637031322e-01
9.608422912408012273e-01
9.568798760070811316e-01
9.500107631393756025e-01
9.530713016852487840e-01
9.683732275135008560e-01
9.777707723226352066e-01
9.575264923040340825e-01
9.749965415328509799e-01
9.590608198346027846e-01
9.568005253835302204e-01
9.717124750129131350e-01
9.411945753245818391e-01
9.806945105043098909e-01
9.425637482172964932e-01
9.282043963753137117e-01
9.734492460510850709e-01
9.113190126563577298e-01
9.536378946431698367e-01
9.786636243883952702e-01
9.616977793557042187e-01
9.214073090756368378e-01
9.589844257690423035e-01
9.382030829367069558e-01
9.625516544570695832e-01
9.556631657266091429e-01
9.387131638839287806e-01
9.322590766240457238e-01
9.496651769478936522e-01
9.783438862824465065e-01
9.840189929329256069e-01
9.740621509444654658e-01
9.781490888808435091e-01
9.786604659100806014e-01
9.614944629093933326e-01
9.729326767983863533e-01
9.357263793357819548e-01
9.858726322926943952e-01
9.453364754252516766e-01
9.647946873626040976e-01
9.742724862006790776e-01
9.836723299777216933e-01
9.765863548173630004e-01
9.830804760600814207e-01
9.823085008819789632e-01
9.589866985656511078e-01
9.760201542185642509e-01
9.387021179491208400e-01
9.760851812168307440e-01
9.460512012046990993e-01
9.549191576856230768e-01
9.817078935472562939e-01
9.483503137665989513e-01
9.739706090508750691e-01
9.720601784308378068e-01
9.561847838951139655e-01
9.651859029042186844e-01
9.523712752430313344e-01
9.541850411930221654e-01
9.619990392560631154e-01
9.241933679502183363e-01
9.517619356522677432e-01
9.457339990278079700e-01
9.470316870322721403e-01
9.763879730693231229e-01
9.615588657618110435e-01
9.555350123772217152e-01
9.599252843482716235e-01
9.624968823462844991e-01
9.643709274862484193e-01
9.371467734748299971e-01
9.488096159899124249e-01
9.240063032634682205e-01
9.159872974586031891e-01
9.705180883568345074e-01
9.715001224907717781e-01
9.710719320210089434e-01
9.741965146681941246e-01
9.811339910917631357e-01
9.776496649705910258e-01
9.679736487016885604e-01
9.433778397967453877e-01
9.716293506109139333e-01
9.134035337349644124e-01
9.279750679346329134e-01
9.800832306813793693e-01
9.731728507655623694e-01
9.695956219934199760e-01
9.724401867271925681e-01
9.708081262985319704e-01
9.470861076972447723e-01
9.726192184140209918e-01
9.460258361630471402e-01
9.781848139770628059e-01
9.165068266419422738e-01
9.355370896923203006e-01
9.815070788849425965e-01
9.282353447105839983e-01
9.710262719992239777e-01
9.801559122314900119e-01
9.724434673527759809e-01
9.443770026781068694e-01
9.806677101763157101e-01
9.529804071211775973e-01
9.609151995767581944e-01
9.240591901104475703e-01
9.708117193653204025e-01
9.415964166088028886e-01
9.721283604045645177e-01
9.783060608236713307e-01
9.797017945524935101e-01
9.773313768198037543e-01
9.827648696252169191e-01
9.529789534941718321e-01
9.510682582662925988e-01
9.489724019389926823e-01
8.558118086599617591e-01
9.676042896214331890e-01
8.617549859782566157e-01
9.563515666808416471e-01
9.804818273899952308e-01
9.682791620550867950e-01
9.762890279030719265e-01
9.574327246655096602e-01
9.683049254651585613e-01
9.589203854872999644e-01
9.682521757477151603e-01
9.648190697015148753e-01
9.050210554175166511e-01
9.126770138944888533e-01
9.663666766186636004e-01
9.779094999911333019e-01
9.690145123685767192e-01
9.821087760182078963e-01
9.752424578853464698e-01
9.566380667408063143e-01
9.733158353071420521e-01
9.544663581904091476e-01
9.556516150239225960e-01
9.062471243727301395e-01
9.093314704787157643e-01
9.750469003144941471e-01
8.852285456825335075e-01
9.765502778267778350e-01
9.866415654441944572e-01
9.796588488985992216e-01
9.697228149298440236e-01
9.843089805940705705e-01
9.614684037640777170e-01
9.540377487419160474e-01
9.301702762882597675e-01
9.413581707282487887e-01
9.334534075490525940e-01
9.476480100862548772e-01
8.593110231073805005e-01
9.811209751897480569e-01
9.809865503804047204e-01
9.712138162182704093e-01
9.393112281189388568e-01
9.516751837505290634e-01
9.523556052868482613e-01
8.627879552781519967e-01
9.744053800322702852e-01
8.948425206199952520e-01
9.232058583447847466e-01
9.784177450095568052e-01
9.668589115962054059e-01
9.639566613836680897e-01
9.377091169510873847e-01
9.707742050980729953e-01
9.331144409549210206e-01
9.744226235686695992e-01
9.440779016988761763e-01
9.711429178346140390e-01
8.992839451170502318e-01
9.275793017533870977e-01
9.817897063824601034e-01
9.639814129086068384e-01
9.764891954353498438e-01
9.671725383718208224e-01
9.830726097689470588e-01
9.543058692223396200e-01
9.817547816350329359e-01
9.630351465963498114e-01
9.708580502073616003e-01
8.985870033942342516e-01
9.720351685664775365e-01
8.884494811834400263e-01
9.703725288725203457e-01
9.856104955903035592e-01
9.575407086005331969e-01
9.769271956473992713e-01
9.507893863169465387e-01
9.603376601186466299e-01
9.358473152840144360e-01
9.204213522756673482e-01
9.382605090179462204e-01
