-4.826271954644185485e+02
-8.202724233523407520e+02
-6.185452166501789861e+02
-5.045029049390897171e+02
-5.889773384339038103e+02
-4.838872578719371518e+02
-5.083971603169645732e+02
-5.456948245637875061e+02
-9.014555406019500197e+02
-6.685300556500924358e+02
-8.239807191722308062e+02
-6.437040040875157274e+02
-7.191535029176553735e+02
-7.792144986947395182e+02
-4.861389084694225176e+02
-5.493556653751323893e+02
-4.750127492875108715e+02
-5.419658295298766006e+02
-5.818919395261413001e+02
-1.050566270704292720e+03
-5.485221425490783531e+02
-7.528170922879802447e+02
-6.807468023451384624e+02
-6.664445148723847296e+02
-5.214654919118942189e+02
-7.195086735869349468e+02
-5.174793682597863835e+02
-4.523082309919855675e+02
-4.082554275060699638e+02
-5.340092307651565307e+02
-3.872459643440233208e+02
-5.133545679795460046e+02
-4.226772443615201382e+02
-5.952837009402867352e+02
-5.090737587439136291e+02
-6.723163477193292010e+02
-3.967150027057012380e+02
-3.568992531042832752e+02
-3.340878839296231604e+02
-4.372117320235927878e+02
-5.004211944235928513e+02
-4.919307725663423412e+02
-8.744374076271158174e+02
-3.948753369881313802e+02
-5.815879608548785882e+02
-5.350595942303083348e+02
-7.657776896961793227e+02
-6.150522430365459741e+02
-5.775563334041070220e+02
-4.088818370420966062e+02
-5.326898858667385639e+02
-3.930983935532228770e+02
-5.285675193870249586e+02
-6.675692616342156498e+02
-4.745239093062021993e+02
-7.628281983993298354e+02
-4.554646893069120210e+02
-5.631002013874502836e+02
-7.409731160647172601e+02
-3.520480360237714308e+02
-7.864557660087731392e+02
-5.286796744163025323e+02
-4.957228668278988266e+02
-4.857490303283339586e+02
-8.811062702509595965e+02
-4.613255099546080373e+02
-5.320090037115832047e+02
-5.591203516982440078e+02
-9.878184110820635624e+02
-5.142165224799553016e+02
-9.877764478359403029e+02
-4.485948289362379455e+02
-3.388593019261707013e+02
-3.733146726843646661e+02
-4.439990594438724543e+02
-3.573155241496657482e+02
-4.052298433163863933e+02
-3.960540360996278082e+02
-6.299200442048496598e+02
-8.422455275799181891e+02
-7.742802105986181687e+02
-5.965221629344160874e+02
-5.106441841843444536e+02
-4.408007595003678034e+02
-5.032974660022658213e+02
-4.651761777601092263e+02
-7.988762759487549374e+02
-7.754789077850141439e+02
-4.984006398772700663e+02
-6.615646912933982549e+02
-5.503457081178875114e+02
-7.695899135265775612e+02
-6.912778395116222327e+02
-4.507088795616685388e+02
-4.320311610340190214e+02
-4.479549276536210982e+02
-3.457148370321240236e+02
-5.853247462590200030e+02
-5.045387176481603433e+02
-5.407410192985842059e+02
-4.886130744193805526e+02
-6.483729613852129887e+02
-6.553458410865233645e+02
-6.978309651510235199e+02
-4.220407653540774504e+02
-7.357354603351172955e+02
-4.309195991821208054e+02
-4.676791921064109374e+02
-5.457487622614554539e+02
-5.749076922219899188e+02
-4.230512837666177006e+02
-4.334802319860008879e+02
-4.538199483901310032e+02
-9.765209674303409884e+02
-5.225652852923286673e+02
-1.157741785373630364e+03
-4.329222654471175815e+02
-3.072686026768749343e+02
-3.713195943955801681e+02
-2.809970758986391388e+02
-3.353211556078265403e+02
-3.539682909172959739e+02
-4.237205470175264281e+02
-5.774998612292051803e+02
-7.839789349764728286e+02
-5.240833501123976248e+02
-7.055813608070461669e+02
-5.988292131049837508e+02
-3.730005501657124682e+02
-6.942685470733083548e+02
-4.401210566371074719e+02
-6.861810428346386743e+02
-6.021353805475837362e+02
-5.796165947160002361e+02
-5.697116175269711675e+02
-7.634048950357210970e+02
-5.701921197811486763e+02
-5.722466487331071221e+02
-5.944296163078892050e+02
-5.053737794786145514e+02
-6.474828169693799964e+02
-5.016617353285362810e+02
-6.394952905679310788e+02
-5.112108573725631118e+02
-5.984226626033495222e+02
-4.673851000825410438e+02
-6.470189040341896316e+02
-6.610673639221081430e+02
-6.414807381967141282e+02
-6.314154743816322934e+02
-5.803255525299406372e+02
-4.416777992973699725e+02
-5.458485826674790360e+02
-4.600989034567492126e+02
-4.027618999209033746e+02
-4.272952082663073270e+02
-4.872828562415544980e+02
-5.732669749488951538e+02
-8.361284260331094629e+02
-5.424389448550577981e+02
-9.280180029507341715e+02
-4.344396520103322246e+02
-3.450361029998494473e+02
-3.726461357856181849e+02
-3.353441100339348964e+02
-4.562272305498696596e+02
-5.706574736463807085e+02
-6.420811163803451791e+02
-3.334946152375796942e+02
-6.808118477960068731e+02
-4.744812468313322711e+02
-6.430644153255850597e+02
-6.450813163212171730e+02
-4.384618291842998019e+02
-4.991804137794664484e+02
-5.339368691742063220e+02
-5.077359416546535158e+02
-5.021904200402652236e+02
-5.175942164910944712e+02
-5.185190269339233282e+02
-7.347867738641631377e+02
-5.610308068523027032e+02
-6.504797243565897134e+02
-7.305680565284217209e+02
-5.732311232050820990e+02
-6.717119446416012352e+02
-4.816297923295572332e+02
-5.313749014095662915e+02
-5.454787076493134919e+02
-6.047038195657742108e+02
-4.981039973574859232e+02
-5.790548577387497744e+02
-5.978362214959867060e+02
-4.914312894015102415e+02
-7.131255028340239051e+02
-6.108250742531317883e+02
-6.253403116872194687e+02
-4.675862160754132333e+02
-4.697543198907763440e+02
-4.249912689670206305e+02
-4.992464705976389610e+02
-5.839119921814501595e+02
-6.697993035850923889e+02
-5.967636158639058976e+02
-6.834016513508378239e+02
-5.951148989098608126e+02
-5.692589117531724696e+02
-6.371820819625278318e+02
-5.336062699923429591e+02
-6.338459817752194567e+02
-5.449924155798962602e+02
-5.247829205837358586e+02
-7.421569007030467446e+02
-3.645693020261718971e+02
-6.614683720857817661e+02
-4.451289205881994349e+02
-7.147252317372561947e+02
-7.200776406576718500e+02
-4.895469275398375544e+02
-4.137790959099960446e+02
-5.980997259050418506e+02
-4.692269414799081346e+02
-5.238055977478599061e+02
-7.256232394612999315e+02
-6.674604430218698781e+02
-7.362429697055979432e+02
-6.259119908797496237e+02
-6.524461488073226292e+02
-9.293818541364404382e+02
-5.415777630184301188e+02
-8.411571137419875868e+02
-6.223528993086717946e+02
-5.367623398651649040e+02
-6.750723747118718165e+02
-5.501954897705820713e+02
-5.152151208136256173e+02
-5.224798486289773791e+02
-6.302819305665479988e+02
-8.062897396928518674e+02
-5.426006459745043458e+02
-8.131347732302596114e+02
-4.577546684384079185e+02
-5.924769097412392966e+02
-6.291088963912108056e+02
-5.723516663661192752e+02
-6.087049637013798247e+02
-5.863050722800286394e+02
-6.675978139819777653e+02
-5.472948942038316318e+02
-6.399648178908156524e+02
-6.168144568366147951e+02
-5.754184002470974519e+02
-5.789243133358357909e+02
-5.634765731809636691e+02
-6.555452559758925872e+02
-5.568833516216474209e+02
-4.963585531991163293e+02
-7.700055593879320668e+02
-4.960684311312513728e+02
-6.532620952762734987e+02
-5.762704872842173245e+02
-6.560982174333297507e+02
-6.473855804762135904e+02
-5.173899282163382622e+02
-4.463318824576169277e+02
-5.519586231769445703e+02
-5.432963421709498562e+02
-6.888570135116307256e+02
-8.611907422411850348e+02
-5.801989786875208210e+02
-8.167850110360084273e+02
-5.290868295057913429e+02
-7.241722009693468181e+02
-6.559556577664027373e+02
-5.486942584127381224e+02
-6.681411355438640385e+02
-5.117465695935925964e+02
-4.489419095691654888e+02
-7.796386695210009066e+02
-6.874264185952799835e+02
-8.447655859066206858e+02
-5.841316179399851762e+02
-5.476301336181296620e+02
-7.311942310575287820e+02
-7.032634871199876443e+02
-7.367016776392338215e+02
-6.196953563849650664e+02
-4.756806417022445999e+02
-5.331906343450380064e+02
-5.720092886872201916e+02
-3.203431667924865565e+02
-4.149410695106199682e+02
-4.831287374823017444e+02
-6.379112070021245700e+02
-6.364556238201928409e+02
-4.757233664333638785e+02
-6.958860676644673049e+02
-5.319016491856692710e+02
-5.558595976502592748e+02
-4.417427071993062100e+02
-5.740143106204851620e+02
-5.061847840584517257e+02
-4.627777717858220399e+02
-5.895205326317518484e+02
-5.934599847071973500e+02
-6.175235832871048842e+02
-6.530318164283447686e+02
-7.547181109442825573e+02
-5.372220568552073701e+02
-5.433032741957731560e+02
-6.776151015318739610e+02
-6.178004598009963502e+02
-6.271512273780926989e+02
-6.733525208282341055e+02
-6.013508458303888347e+02
-7.697620448963269837e+02
-5.012319296067087748e+02
-6.764032707768744785e+02
-9.166412518364478501e+02
-4.820161459292821178e+02
-9.622606801631252438e+02
-5.629850890353663999e+02
-3.938726179083229226e+02
-5.807339515726799846e+02
-8.820427065593584075e+02
-6.942052425970859986e+02
-6.885603681984531477e+02
-4.912242186579961185e+02
-5.421843884830726665e+02
-8.248876373665171968e+02
-6.580083954635290411e+02
-6.746588785651902072e+02
-3.685500756054747740e+02
-3.568956647736982291e+02
-4.881405942252581553e+02
-3.795273793877067305e+02
-4.233024234177415792e+02
-6.309936568526633209e+02
-4.686876125862820572e+02
-8.869925682545255086e+02
-3.652490866572070445e+02
-7.723013196156767890e+02
-5.538631988336314862e+02
-5.629200835702463337e+02
-3.930951228331340417e+02
-4.919123919420190418e+02
-3.742661830069779398e+02
-3.553448456292990727e+02
-5.647305653058663211e+02
-4.297944423895016257e+02
-7.052425653179373057e+02
-4.388605258820790027e+02
-8.071636725123763654e+02
-5.856392559466336252e+02
-4.715529456706406677e+02
-6.120720403827788232e+02
-5.640321387656729257e+02
-4.524580386527136966e+02
-5.763314919093810431e+02
-5.077985809721365058e+02
-6.078564056348236591e+02
-5.356720779485444837e+02
-5.277136749620667615e+02
-1.064612150191180490e+03
-5.575154971773033594e+02
-1.023272399129272799e+03
-5.783091882375031219e+02
-3.900501464133869263e+02
-5.433875325871206314e+02
-5.867123595602330397e+02
-5.063569057091448826e+02
-4.739107758952446829e+02
-4.498179015141944319e+02
-6.027630848312303442e+02
-7.510791442106445857e+02
-6.891041718748258518e+02
-8.381165541128382301e+02
-4.288891804067311000e+02
-4.315074227489700434e+02
-4.904691990196361076e+02
-4.343472034767738137e+02
-4.900525060871183314e+02
-5.017354366975887388e+02
-5.033499137264487331e+02
-7.287938529169257436e+02
-4.731907898455474424e+02
-8.284422373548866290e+02
-8.786290108126287350e+02
-5.220887990473033824e+02
-6.502717247713151210e+02
-4.643459171623017028e+02
-4.732619699140717557e+02
-4.557058687899891538e+02
-6.435940826008483100e+02
-4.470441514048016529e+02
-6.552217320890405290e+02
-4.824973156452646208e+02
-9.504536086769961685e+02
-6.810099339127949634e+02
-3.942391825611906597e+02
-6.825201806601512544e+02
-4.639580115267277165e+02
-3.598125428682320717e+02
-4.117941841436503978e+02
-6.384283025172327370e+02
-3.283949695668173376e+02
-5.525839705778008693e+02
-4.642672168357465807e+02
-9.412670185568488250e+02
-3.914671134751139334e+02
-9.288687842124155623e+02
-3.909954246932337014e+02
-3.937876495705007756e+02
-3.204233639306892201e+02
-3.718572362893994523e+02
-3.088875365538178812e+02
-5.811235371167108497e+02
-5.196422063064451322e+02
-5.308854362403519644e+02
-1.340513337280930955e+03
-4.285403140829350264e+02
-1.545906173652250118e+03
-5.446920673444382146e+02
-3.426558657905362679e+02
-6.517473009243112756e+02
-4.705479999740658741e+02
-7.014818745958625641e+02
-6.041065297612572067e+02
-6.408545270237302702e+02
-5.635048535783176931e+02
-4.833477592731213690e+02
-7.808532640599883052e+02
-1.027599809692276267e+03
-4.843556131434636995e+02
-5.348285670229441848e+02
-4.339986186090803812e+02
-4.317084902998822145e+02
-4.018106205879385584e+02
-5.458723424549174297e+02
-4.318166711616456723e+02
-5.671443767515761465e+02
-5.203105339416883908e+02
-7.618301340055975288e+02
-1.013594361223022474e+03
-4.328898947225480924e+02
-1.061207554079869851e+03
-4.010920120489468559e+02
-2.713119754964747017e+02
-3.355840108609049821e+02
-4.244091992420641759e+02
-2.907445983761724051e+02
-5.038770750506237732e+02
-5.213156259800804264e+02
-6.867925247349447773e+02
-5.795943823573538793e+02
-6.742326158873369195e+02
-5.240324967193228076e+02
-9.586900713612819800e+02
-3.177293264331300975e+02
-3.227592188549938328e+02
-3.892448471890644441e+02
-6.550448008610849229e+02
-5.192717109020913995e+02
-5.095295820393004647e+02
-1.263316769279385198e+03
-4.019373258748333910e+02
-1.148645690986357295e+03
-9.086266825138987997e+02
-3.684335254806538273e+02
-5.685983007938634728e+02
-7.567043747511562515e+02
-7.593093395267688948e+02
-5.188910146781862522e+02
-7.480094875845566094e+02
-7.845369731353922589e+02
-5.509624297663691550e+02
-4.546924873157957450e+02
-1.058317157395399363e+03
-6.056560299436249579e+02
-3.685638699313681741e+02
-5.280756135857074014e+02
-4.527311748923879122e+02
-4.332488203060533465e+02
-3.126118523218705718e+02
-5.120759916649607248e+02
-3.259109800568550099e+02
-4.296797582506732738e+02
-4.643127879548349597e+02
-1.426838594623445715e+03
-4.217102466531538880e+02
-1.341561426007715909e+03
-3.630469098244475958e+02
-2.575195169322415722e+02
-4.955673613327597309e+02
-3.854164925019680368e+02
-5.194730855811187666e+02
-4.563426269136502924e+02
-6.228951106527133561e+02
-6.878793929088518553e+02
-6.739088359434764470e+02
